{
 "cells": [
  {
   "cell_type": "code",
   "execution_count": 3,
   "id": "0b6ec10b",
   "metadata": {
    "pycharm": {
     "name": "#%%\n"
    }
   },
   "outputs": [],
   "source": [
    "# Background\n",
    "# Problem Statement\n",
    "# Value Proposition\n",
    "# Success Metrics"
   ]
  },
  {
   "cell_type": "code",
   "execution_count": 4,
   "id": "441c8060",
   "metadata": {
    "pycharm": {
     "name": "#%%\n"
    }
   },
   "outputs": [],
   "source": [
    "#Past Solutions and Challenges\n",
    "\n",
    "# Brownian movement\n",
    "# Monte Carlo simulation\n",
    "# Twitter sentiments\n",
    "# Black Swan events"
   ]
  },
  {
   "cell_type": "code",
   "execution_count": 2,
   "id": "c49c8a89",
   "metadata": {
    "pycharm": {
     "name": "#%%\n"
    }
   },
   "outputs": [
    {
     "data": {
      "text/plain": "      cryptodate         Open         High          Low        Close      Volume  Dividends  Stock Splits crypto_ticker\n0     2019-01-01  3746.713379  3850.913818  3707.231201  3843.520020  4324200990          0             0           BTC\n1     2019-01-02  3849.216309  3947.981201  3817.409424  3943.409424  5244856836          0             0           BTC\n2     2019-01-03  3931.048584  3935.685059  3826.222900  3836.741211  4530215219          0             0           BTC\n3     2019-01-04  3832.040039  3865.934570  3783.853760  3857.717529  4847965467          0             0           BTC\n4     2019-01-05  3851.973877  3904.903076  3836.900146  3845.194580  5137609824          0             0           BTC\n...          ...          ...          ...          ...          ...         ...        ...           ...           ...\n12028 2022-06-25     0.067110     0.069112     0.065384     0.068503   432671864          0             0          DOGE\n12029 2022-06-26     0.068488     0.076966     0.067504     0.073177   883689355          0             0          DOGE\n12030 2022-06-27     0.073154     0.078389     0.071018     0.072239   962250061          0             0          DOGE\n12031 2022-06-28     0.072221     0.072951     0.065723     0.065957   534793983          0             0          DOGE\n12032 2022-06-29     0.065996     0.071335     0.064635     0.069468   592828738          0             0          DOGE\n\n[12033 rows x 9 columns]",
      "text/html": "<div>\n<style scoped>\n    .dataframe tbody tr th:only-of-type {\n        vertical-align: middle;\n    }\n\n    .dataframe tbody tr th {\n        vertical-align: top;\n    }\n\n    .dataframe thead th {\n        text-align: right;\n    }\n</style>\n<table border=\"1\" class=\"dataframe\">\n  <thead>\n    <tr style=\"text-align: right;\">\n      <th></th>\n      <th>cryptodate</th>\n      <th>Open</th>\n      <th>High</th>\n      <th>Low</th>\n      <th>Close</th>\n      <th>Volume</th>\n      <th>Dividends</th>\n      <th>Stock Splits</th>\n      <th>crypto_ticker</th>\n    </tr>\n  </thead>\n  <tbody>\n    <tr>\n      <th>0</th>\n      <td>2019-01-01</td>\n      <td>3746.713379</td>\n      <td>3850.913818</td>\n      <td>3707.231201</td>\n      <td>3843.520020</td>\n      <td>4324200990</td>\n      <td>0</td>\n      <td>0</td>\n      <td>BTC</td>\n    </tr>\n    <tr>\n      <th>1</th>\n      <td>2019-01-02</td>\n      <td>3849.216309</td>\n      <td>3947.981201</td>\n      <td>3817.409424</td>\n      <td>3943.409424</td>\n      <td>5244856836</td>\n      <td>0</td>\n      <td>0</td>\n      <td>BTC</td>\n    </tr>\n    <tr>\n      <th>2</th>\n      <td>2019-01-03</td>\n      <td>3931.048584</td>\n      <td>3935.685059</td>\n      <td>3826.222900</td>\n      <td>3836.741211</td>\n      <td>4530215219</td>\n      <td>0</td>\n      <td>0</td>\n      <td>BTC</td>\n    </tr>\n    <tr>\n      <th>3</th>\n      <td>2019-01-04</td>\n      <td>3832.040039</td>\n      <td>3865.934570</td>\n      <td>3783.853760</td>\n      <td>3857.717529</td>\n      <td>4847965467</td>\n      <td>0</td>\n      <td>0</td>\n      <td>BTC</td>\n    </tr>\n    <tr>\n      <th>4</th>\n      <td>2019-01-05</td>\n      <td>3851.973877</td>\n      <td>3904.903076</td>\n      <td>3836.900146</td>\n      <td>3845.194580</td>\n      <td>5137609824</td>\n      <td>0</td>\n      <td>0</td>\n      <td>BTC</td>\n    </tr>\n    <tr>\n      <th>...</th>\n      <td>...</td>\n      <td>...</td>\n      <td>...</td>\n      <td>...</td>\n      <td>...</td>\n      <td>...</td>\n      <td>...</td>\n      <td>...</td>\n      <td>...</td>\n    </tr>\n    <tr>\n      <th>12028</th>\n      <td>2022-06-25</td>\n      <td>0.067110</td>\n      <td>0.069112</td>\n      <td>0.065384</td>\n      <td>0.068503</td>\n      <td>432671864</td>\n      <td>0</td>\n      <td>0</td>\n      <td>DOGE</td>\n    </tr>\n    <tr>\n      <th>12029</th>\n      <td>2022-06-26</td>\n      <td>0.068488</td>\n      <td>0.076966</td>\n      <td>0.067504</td>\n      <td>0.073177</td>\n      <td>883689355</td>\n      <td>0</td>\n      <td>0</td>\n      <td>DOGE</td>\n    </tr>\n    <tr>\n      <th>12030</th>\n      <td>2022-06-27</td>\n      <td>0.073154</td>\n      <td>0.078389</td>\n      <td>0.071018</td>\n      <td>0.072239</td>\n      <td>962250061</td>\n      <td>0</td>\n      <td>0</td>\n      <td>DOGE</td>\n    </tr>\n    <tr>\n      <th>12031</th>\n      <td>2022-06-28</td>\n      <td>0.072221</td>\n      <td>0.072951</td>\n      <td>0.065723</td>\n      <td>0.065957</td>\n      <td>534793983</td>\n      <td>0</td>\n      <td>0</td>\n      <td>DOGE</td>\n    </tr>\n    <tr>\n      <th>12032</th>\n      <td>2022-06-29</td>\n      <td>0.065996</td>\n      <td>0.071335</td>\n      <td>0.064635</td>\n      <td>0.069468</td>\n      <td>592828738</td>\n      <td>0</td>\n      <td>0</td>\n      <td>DOGE</td>\n    </tr>\n  </tbody>\n</table>\n<p>12033 rows × 9 columns</p>\n</div>"
     },
     "execution_count": 2,
     "metadata": {},
     "output_type": "execute_result"
    }
   ],
   "source": [
    "##Data Collection and Storage\n",
    "\n",
    "###Import relevant libraries\n",
    "\n",
    "import yfinance as yf\n",
    "import pandas as pd\n",
    "from pandas import  read_csv\n",
    "from pandas import set_option\n",
    "from matplotlib import pyplot as plt\n",
    "%matplotlib inline\n",
    "import matplotlib.dates as mpl_dates\n",
    "\n",
    "\n",
    "\n",
    "###Import live data from YahooFinance! API and Store in a dataframe\n",
    "#Create an empty pandas dataframe\n",
    "df = pd.DataFrame()\n",
    "\n",
    "#Create a list with all crypto symbols. Use top 10 coins by market capitalisation according to CoinGecko.com\n",
    "crypto_ticker = ['BTC',\n",
    "                 'ETH',\n",
    "                 'USDT',\n",
    "                 'USDC',\n",
    "                 'BNB',\n",
    "                 'BUSD',\n",
    "                 'XRP',\n",
    "                 'ADA',\n",
    "                 'SOL',\n",
    "                 'DOGE']\n",
    "\n",
    "\n",
    "#Extract data for each of the 10 coins from YahooFinance! using a For loop.\n",
    "for each_crypto_ticker in crypto_ticker:\n",
    "\n",
    "    #Get the numerical value representing the position of each crypto symbol in the list; store this in a variable\n",
    "    each_crypto_ticker_index = crypto_ticker.index(each_crypto_ticker)\n",
    "\n",
    "    #Get crypto data for the cryptocurrency corresponding to the crypto_ticker symbol represented by the index number in the variable above.\n",
    "    crypto_data = yf.Ticker(f\"{each_crypto_ticker}-USD\").history(start='2019-01-01', end='2022-06-30', interval='1d')\n",
    "\n",
    "    #Put data for each crypto coin in a Pandas Dataframe\n",
    "    crypto_dataframe = pd.DataFrame(crypto_data)\n",
    "\n",
    "    #Create a new column called 'crypto_ticker' and fill each row with the item in the crypto_ticker list being looped over.\n",
    "    crypto_dataframe['crypto_ticker'] = each_crypto_ticker\n",
    "\n",
    "    #Append the collected data in 'crypto_dataframe' for a particular ticker symbol into the 'df' dataframe for each loop because by the next loop, content of crypto_dataframe would be replaced with content for that loop.\n",
    "    df = pd.concat([df, crypto_dataframe])\n",
    "\n",
    "\n",
    "set_option('display.width', 500)\n",
    "\n",
    "df = df.rename_axis('cryptodate').reset_index()\n",
    "\n",
    "# ###Convert data to CSV and store it\n",
    "df.to_csv(\"soligencecryptodata_withdate.csv\")\n",
    "\n",
    "###Extract data to different dataframes to simplify data understanding for each cryptocurrency\n",
    "BTC_crypto_data = df.loc[df['crypto_ticker'] == 'BTC']\n",
    "ETH_crypto_data = df.loc[df['crypto_ticker'] == 'ETH']\n",
    "USDT_crypto_data = df.loc[df['crypto_ticker'] == 'USDT']\n",
    "USDC_crypto_data = df.loc[df['crypto_ticker'] == 'USDC']\n",
    "BNB_crypto_data = df.loc[df['crypto_ticker'] == 'BNB']\n",
    "BUSD_crypto_data = df.loc[df['crypto_ticker'] == 'BUSD']\n",
    "XRP_crypto_data = df.loc[df['crypto_ticker'] == 'XRP']\n",
    "ADA_crypto_data = df.loc[df['crypto_ticker'] == 'ADA']\n",
    "SOL_crypto_data = df.loc[df['crypto_ticker'] == 'SOL']\n",
    "DOGE_crypto_data = df.loc[df['crypto_ticker'] == 'DOGE']\n",
    "\n",
    "#Are the above views or copies of dataframes?\n",
    "\n",
    "###Twitter and other Social media sentiment?\n",
    "\n",
    "# ##Data Understanding\n",
    "# print(\"\\n-----Data Profile-----\\n\")\n",
    "# print(df.shape)\n",
    "# print(df.dtypes)\n",
    "# print(\"\\n-----Statistical Analysis-----\\n\")\n",
    "# print(BTC_crypto_data.describe())\n",
    "\n",
    "# BTC_crypto_data.hist()\n",
    "# plt.tight_layout()\n",
    "# plt.show()\n",
    "\n",
    "\n",
    "\n",
    "# #Data Preprocessing\n",
    "# print(\"\\n-----Missing Values-----\\n\")\n",
    "# print(df.isna().sum())\n",
    "df"
   ]
  },
  {
   "cell_type": "code",
   "execution_count": 5,
   "id": "89e4ff59",
   "metadata": {
    "pycharm": {
     "name": "#%%\n"
    }
   },
   "outputs": [
    {
     "data": {
      "text/plain": "           eth_cp        btc_cp   usdt_cp   usdc_cp      bnb_cp   busd_cp    xrp_cp    ada_cp     sol_cp   doge_cp\n0      140.819412   3843.520020  1.018335  1.013301    6.075273       NaN  0.364771  0.042547        NaN  0.002392\n1      155.047684   3943.409424  1.024012  1.018173    6.188613       NaN  0.375243  0.045258        NaN  0.002407\n2      149.135010   3836.741211  1.019473  1.013577    5.903535       NaN  0.360224  0.042682        NaN  0.002360\n3      154.581940   3857.717529  1.017200  1.008160    6.065138       NaN  0.356747  0.043812        NaN  0.002315\n4      155.638596   3845.194580  1.018489  1.011010    6.065543       NaN  0.355275  0.044701        NaN  0.002319\n...           ...           ...       ...       ...         ...       ...       ...       ...        ...       ...\n1271  1243.446899  21502.337891  0.999548  1.000104  239.690659  1.000150  0.367556  0.498946  42.332813  0.068503\n1272  1199.831665  21027.294922  0.999398  0.999813  233.858749  1.000705  0.358864  0.489653  39.408089  0.073177\n1273  1193.680664  20735.478516  0.999092  1.000166  233.654022  0.999397  0.353235  0.485790  38.451252  0.072239\n1274  1144.579224  20280.634766  0.998832  1.000140  226.927338  0.999807  0.337329  0.469671  35.326439  0.065957\n1275  1098.943848  20104.023438  0.998884  1.000365  219.284470  1.000421  0.328978  0.465509  33.873901  0.069468\n\n[1276 rows x 10 columns]",
      "text/html": "<div>\n<style scoped>\n    .dataframe tbody tr th:only-of-type {\n        vertical-align: middle;\n    }\n\n    .dataframe tbody tr th {\n        vertical-align: top;\n    }\n\n    .dataframe thead th {\n        text-align: right;\n    }\n</style>\n<table border=\"1\" class=\"dataframe\">\n  <thead>\n    <tr style=\"text-align: right;\">\n      <th></th>\n      <th>eth_cp</th>\n      <th>btc_cp</th>\n      <th>usdt_cp</th>\n      <th>usdc_cp</th>\n      <th>bnb_cp</th>\n      <th>busd_cp</th>\n      <th>xrp_cp</th>\n      <th>ada_cp</th>\n      <th>sol_cp</th>\n      <th>doge_cp</th>\n    </tr>\n  </thead>\n  <tbody>\n    <tr>\n      <th>0</th>\n      <td>140.819412</td>\n      <td>3843.520020</td>\n      <td>1.018335</td>\n      <td>1.013301</td>\n      <td>6.075273</td>\n      <td>NaN</td>\n      <td>0.364771</td>\n      <td>0.042547</td>\n      <td>NaN</td>\n      <td>0.002392</td>\n    </tr>\n    <tr>\n      <th>1</th>\n      <td>155.047684</td>\n      <td>3943.409424</td>\n      <td>1.024012</td>\n      <td>1.018173</td>\n      <td>6.188613</td>\n      <td>NaN</td>\n      <td>0.375243</td>\n      <td>0.045258</td>\n      <td>NaN</td>\n      <td>0.002407</td>\n    </tr>\n    <tr>\n      <th>2</th>\n      <td>149.135010</td>\n      <td>3836.741211</td>\n      <td>1.019473</td>\n      <td>1.013577</td>\n      <td>5.903535</td>\n      <td>NaN</td>\n      <td>0.360224</td>\n      <td>0.042682</td>\n      <td>NaN</td>\n      <td>0.002360</td>\n    </tr>\n    <tr>\n      <th>3</th>\n      <td>154.581940</td>\n      <td>3857.717529</td>\n      <td>1.017200</td>\n      <td>1.008160</td>\n      <td>6.065138</td>\n      <td>NaN</td>\n      <td>0.356747</td>\n      <td>0.043812</td>\n      <td>NaN</td>\n      <td>0.002315</td>\n    </tr>\n    <tr>\n      <th>4</th>\n      <td>155.638596</td>\n      <td>3845.194580</td>\n      <td>1.018489</td>\n      <td>1.011010</td>\n      <td>6.065543</td>\n      <td>NaN</td>\n      <td>0.355275</td>\n      <td>0.044701</td>\n      <td>NaN</td>\n      <td>0.002319</td>\n    </tr>\n    <tr>\n      <th>...</th>\n      <td>...</td>\n      <td>...</td>\n      <td>...</td>\n      <td>...</td>\n      <td>...</td>\n      <td>...</td>\n      <td>...</td>\n      <td>...</td>\n      <td>...</td>\n      <td>...</td>\n    </tr>\n    <tr>\n      <th>1271</th>\n      <td>1243.446899</td>\n      <td>21502.337891</td>\n      <td>0.999548</td>\n      <td>1.000104</td>\n      <td>239.690659</td>\n      <td>1.000150</td>\n      <td>0.367556</td>\n      <td>0.498946</td>\n      <td>42.332813</td>\n      <td>0.068503</td>\n    </tr>\n    <tr>\n      <th>1272</th>\n      <td>1199.831665</td>\n      <td>21027.294922</td>\n      <td>0.999398</td>\n      <td>0.999813</td>\n      <td>233.858749</td>\n      <td>1.000705</td>\n      <td>0.358864</td>\n      <td>0.489653</td>\n      <td>39.408089</td>\n      <td>0.073177</td>\n    </tr>\n    <tr>\n      <th>1273</th>\n      <td>1193.680664</td>\n      <td>20735.478516</td>\n      <td>0.999092</td>\n      <td>1.000166</td>\n      <td>233.654022</td>\n      <td>0.999397</td>\n      <td>0.353235</td>\n      <td>0.485790</td>\n      <td>38.451252</td>\n      <td>0.072239</td>\n    </tr>\n    <tr>\n      <th>1274</th>\n      <td>1144.579224</td>\n      <td>20280.634766</td>\n      <td>0.998832</td>\n      <td>1.000140</td>\n      <td>226.927338</td>\n      <td>0.999807</td>\n      <td>0.337329</td>\n      <td>0.469671</td>\n      <td>35.326439</td>\n      <td>0.065957</td>\n    </tr>\n    <tr>\n      <th>1275</th>\n      <td>1098.943848</td>\n      <td>20104.023438</td>\n      <td>0.998884</td>\n      <td>1.000365</td>\n      <td>219.284470</td>\n      <td>1.000421</td>\n      <td>0.328978</td>\n      <td>0.465509</td>\n      <td>33.873901</td>\n      <td>0.069468</td>\n    </tr>\n  </tbody>\n</table>\n<p>1276 rows × 10 columns</p>\n</div>"
     },
     "execution_count": 5,
     "metadata": {},
     "output_type": "execute_result"
    }
   ],
   "source": [
    "#Tutorials used: \n",
    "# [Change index column] https://stackoverflow.com/questions/20461165/how-to-convert-index-of-a-pandas-dataframe-into-a-column\n",
    "# [create new columns] https://towardsdatascience.com/name-your-favorite-excel-function-and-ill-teach-you-its-pandas-equivalent-7ee4400ada9f\n",
    "\n",
    "#1. Get Data from Yfinance\n",
    "#2. Convert index with date to an attribute/feature column using. df.rename_axis('cryptodate').reset_index()\n",
    "#3. Split all 10 cryptocurrencies to seperate dataframes so they carry the new date (you can store in csv if you want)\n",
    "#4. Create a new dataframe where all columns but the 'Close' column are dropped\n",
    "#5. Use the .map() function and .set_index() methods to add new columns using a combination of the new master dataframe with all dates\n",
    "\n",
    "\n",
    "allcrypto_cp = df.drop(columns=['Open', 'High', 'Low', 'Volume', 'Dividends', 'Stock Splits', 'crypto_ticker', 'Close'])\n",
    "\n",
    "allcrypto_cp = allcrypto_cp.drop_duplicates(subset=['cryptodate'])\n",
    "\n",
    "allcrypto_cp['eth_cp'] = allcrypto_cp.cryptodate.map(ETH_crypto_data.set_index('cryptodate')['Close'].to_dict())\n",
    "allcrypto_cp['btc_cp'] = allcrypto_cp.cryptodate.map(BTC_crypto_data.set_index('cryptodate')['Close'].to_dict())\n",
    "allcrypto_cp['usdt_cp'] = allcrypto_cp.cryptodate.map(USDT_crypto_data.set_index('cryptodate')['Close'].to_dict())\n",
    "allcrypto_cp['usdc_cp'] = allcrypto_cp.cryptodate.map(USDC_crypto_data.set_index('cryptodate')['Close'].to_dict())\n",
    "allcrypto_cp['bnb_cp'] = allcrypto_cp.cryptodate.map(BNB_crypto_data.set_index('cryptodate')['Close'].to_dict())\n",
    "allcrypto_cp['busd_cp'] = allcrypto_cp.cryptodate.map(BUSD_crypto_data.set_index('cryptodate')['Close'].to_dict())\n",
    "allcrypto_cp['xrp_cp'] = allcrypto_cp.cryptodate.map(XRP_crypto_data.set_index('cryptodate')['Close'].to_dict())\n",
    "allcrypto_cp['ada_cp'] = allcrypto_cp.cryptodate.map(ADA_crypto_data.set_index('cryptodate')['Close'].to_dict())\n",
    "allcrypto_cp['sol_cp'] = allcrypto_cp.cryptodate.map(SOL_crypto_data.set_index('cryptodate')['Close'].to_dict())\n",
    "allcrypto_cp['doge_cp'] = allcrypto_cp.cryptodate.map(DOGE_crypto_data.set_index('cryptodate')['Close'].to_dict())\n",
    "\n",
    "\n",
    "allcrypto_cp = allcrypto_cp.drop(columns=['cryptodate'])\n",
    "\n",
    "allcrypto_cp\n"
   ]
  },
  {
   "cell_type": "code",
   "execution_count": 7,
   "id": "9f643907",
   "metadata": {
    "pycharm": {
     "name": "#%%\n"
    }
   },
   "outputs": [
    {
     "data": {
      "text/plain": "             bth_cp       eth_cp   usdt_cp   usdc_cp      bnb_cp   busd_cp    xrp_cp    ada_cp     sol_cp   doge_cp\n0       3843.520020   140.819412  1.018335  1.013301    6.075273       NaN  0.364771  0.042547        NaN  0.002392\n1       3943.409424   155.047684  1.024012  1.018173    6.188613       NaN  0.375243  0.045258        NaN  0.002407\n2       3836.741211   149.135010  1.019473  1.013577    5.903535       NaN  0.360224  0.042682        NaN  0.002360\n3       3857.717529   154.581940  1.017200  1.008160    6.065138       NaN  0.356747  0.043812        NaN  0.002315\n4       3845.194580   155.638596  1.018489  1.011010    6.065543       NaN  0.355275  0.044701        NaN  0.002319\n...             ...          ...       ...       ...         ...       ...       ...       ...        ...       ...\n12028  21502.337891  1243.446899  0.999548  1.000104  239.690659  1.000150  0.367556  0.498946  42.332813  0.068503\n12029  21027.294922  1199.831665  0.999398  0.999813  233.858749  1.000705  0.358864  0.489653  39.408089  0.073177\n12030  20735.478516  1193.680664  0.999092  1.000166  233.654022  0.999397  0.353235  0.485790  38.451252  0.072239\n12031  20280.634766  1144.579224  0.998832  1.000140  226.927338  0.999807  0.337329  0.469671  35.326439  0.065957\n12032  20104.023438  1098.943848  0.998884  1.000365  219.284470  1.000421  0.328978  0.465509  33.873901  0.069468\n\n[12033 rows x 10 columns]",
      "text/html": "<div>\n<style scoped>\n    .dataframe tbody tr th:only-of-type {\n        vertical-align: middle;\n    }\n\n    .dataframe tbody tr th {\n        vertical-align: top;\n    }\n\n    .dataframe thead th {\n        text-align: right;\n    }\n</style>\n<table border=\"1\" class=\"dataframe\">\n  <thead>\n    <tr style=\"text-align: right;\">\n      <th></th>\n      <th>bth_cp</th>\n      <th>eth_cp</th>\n      <th>usdt_cp</th>\n      <th>usdc_cp</th>\n      <th>bnb_cp</th>\n      <th>busd_cp</th>\n      <th>xrp_cp</th>\n      <th>ada_cp</th>\n      <th>sol_cp</th>\n      <th>doge_cp</th>\n    </tr>\n  </thead>\n  <tbody>\n    <tr>\n      <th>0</th>\n      <td>3843.520020</td>\n      <td>140.819412</td>\n      <td>1.018335</td>\n      <td>1.013301</td>\n      <td>6.075273</td>\n      <td>NaN</td>\n      <td>0.364771</td>\n      <td>0.042547</td>\n      <td>NaN</td>\n      <td>0.002392</td>\n    </tr>\n    <tr>\n      <th>1</th>\n      <td>3943.409424</td>\n      <td>155.047684</td>\n      <td>1.024012</td>\n      <td>1.018173</td>\n      <td>6.188613</td>\n      <td>NaN</td>\n      <td>0.375243</td>\n      <td>0.045258</td>\n      <td>NaN</td>\n      <td>0.002407</td>\n    </tr>\n    <tr>\n      <th>2</th>\n      <td>3836.741211</td>\n      <td>149.135010</td>\n      <td>1.019473</td>\n      <td>1.013577</td>\n      <td>5.903535</td>\n      <td>NaN</td>\n      <td>0.360224</td>\n      <td>0.042682</td>\n      <td>NaN</td>\n      <td>0.002360</td>\n    </tr>\n    <tr>\n      <th>3</th>\n      <td>3857.717529</td>\n      <td>154.581940</td>\n      <td>1.017200</td>\n      <td>1.008160</td>\n      <td>6.065138</td>\n      <td>NaN</td>\n      <td>0.356747</td>\n      <td>0.043812</td>\n      <td>NaN</td>\n      <td>0.002315</td>\n    </tr>\n    <tr>\n      <th>4</th>\n      <td>3845.194580</td>\n      <td>155.638596</td>\n      <td>1.018489</td>\n      <td>1.011010</td>\n      <td>6.065543</td>\n      <td>NaN</td>\n      <td>0.355275</td>\n      <td>0.044701</td>\n      <td>NaN</td>\n      <td>0.002319</td>\n    </tr>\n    <tr>\n      <th>...</th>\n      <td>...</td>\n      <td>...</td>\n      <td>...</td>\n      <td>...</td>\n      <td>...</td>\n      <td>...</td>\n      <td>...</td>\n      <td>...</td>\n      <td>...</td>\n      <td>...</td>\n    </tr>\n    <tr>\n      <th>12028</th>\n      <td>21502.337891</td>\n      <td>1243.446899</td>\n      <td>0.999548</td>\n      <td>1.000104</td>\n      <td>239.690659</td>\n      <td>1.000150</td>\n      <td>0.367556</td>\n      <td>0.498946</td>\n      <td>42.332813</td>\n      <td>0.068503</td>\n    </tr>\n    <tr>\n      <th>12029</th>\n      <td>21027.294922</td>\n      <td>1199.831665</td>\n      <td>0.999398</td>\n      <td>0.999813</td>\n      <td>233.858749</td>\n      <td>1.000705</td>\n      <td>0.358864</td>\n      <td>0.489653</td>\n      <td>39.408089</td>\n      <td>0.073177</td>\n    </tr>\n    <tr>\n      <th>12030</th>\n      <td>20735.478516</td>\n      <td>1193.680664</td>\n      <td>0.999092</td>\n      <td>1.000166</td>\n      <td>233.654022</td>\n      <td>0.999397</td>\n      <td>0.353235</td>\n      <td>0.485790</td>\n      <td>38.451252</td>\n      <td>0.072239</td>\n    </tr>\n    <tr>\n      <th>12031</th>\n      <td>20280.634766</td>\n      <td>1144.579224</td>\n      <td>0.998832</td>\n      <td>1.000140</td>\n      <td>226.927338</td>\n      <td>0.999807</td>\n      <td>0.337329</td>\n      <td>0.469671</td>\n      <td>35.326439</td>\n      <td>0.065957</td>\n    </tr>\n    <tr>\n      <th>12032</th>\n      <td>20104.023438</td>\n      <td>1098.943848</td>\n      <td>0.998884</td>\n      <td>1.000365</td>\n      <td>219.284470</td>\n      <td>1.000421</td>\n      <td>0.328978</td>\n      <td>0.465509</td>\n      <td>33.873901</td>\n      <td>0.069468</td>\n    </tr>\n  </tbody>\n</table>\n<p>12033 rows × 10 columns</p>\n</div>"
     },
     "execution_count": 7,
     "metadata": {},
     "output_type": "execute_result"
    }
   ],
   "source": [
    "# Creating new columns, by extracting data from a column based on content in another column\n",
    "\n",
    "\n",
    "### DONE ### .merge() 38 ns ± 0.369 ns per loop\n",
    "### DONE ### .concat() 38.5 ns ± 0.379 ns per loop\n",
    "### DONE ### .join() 39.2 ns ± 0.709 ns per loop\n",
    "### DONE ### .map() 2.3 ms ± 131 µs per loop\n",
    "\n",
    "## pd.merge()\n",
    "#  df_1 = df_1.merge(df_2, how='left', on='id')\n",
    "\n",
    "## pd.concat() method\n",
    "# df_1 = pd.concat([df_1.set_index('id'), df_2.set_index('id').last_name], axis=1, sort='id', join='inner')\n",
    "\n",
    "## pd.join() method\n",
    "# df_1 = df_1.set_index('id').join(df_2.set_index('id'))\n",
    "\n",
    "## pd.map() method\n",
    "# df_1[‘last_name’] = df_1.id.map(df_2.set_index(‘id’)[‘last_name’].to_dict())\n",
    "\n",
    "## Using the pd.join() method\n",
    "\n",
    "## leave only date column in the master cryp_master_cp\n",
    "cryp_master_cp = df.drop(columns=['Open', 'High', 'Low', 'Volume', 'Close', 'Dividends', 'Stock Splits', 'crypto_ticker'])\n",
    "cryp_master_cp\n",
    "\n",
    "#BTC column ### Leave only 'Close' price column in each unique data frame\n",
    "btc_cp_join = BTC_crypto_data.drop(columns=['Open', 'High', 'Low', 'Volume', 'Dividends', 'Stock Splits', 'crypto_ticker'])\n",
    "cryp_master_cp = cryp_master_cp.set_index('cryptodate').join(btc_cp_join.set_index('cryptodate'), on='cryptodate')\n",
    "## Rename the 'Close' column so others do not have the same name\n",
    "cryp_master_cp.rename(columns = {'Close':'bth_cp'}, inplace = True)\n",
    "## Make the date column a column again\n",
    "cryp_master_cp = cryp_master_cp.rename_axis('cryptodate').reset_index()\n",
    "\n",
    "#ETH column\n",
    "eth_cp_join = ETH_crypto_data.drop(columns=['Open', 'High', 'Low', 'Volume', 'Dividends', 'Stock Splits', 'crypto_ticker'])\n",
    "cryp_master_cp = cryp_master_cp.set_index('cryptodate').join(eth_cp_join.set_index('cryptodate'), on='cryptodate')\n",
    "cryp_master_cp.rename(columns = {'Close':'eth_cp'}, inplace = True)\n",
    "cryp_master_cp = cryp_master_cp.rename_axis('cryptodate').reset_index()\n",
    "\n",
    "#USDT column\n",
    "usdt_cp_join = USDT_crypto_data.drop(columns=['Open', 'High', 'Low', 'Volume', 'Dividends', 'Stock Splits', 'crypto_ticker'])\n",
    "cryp_master_cp = cryp_master_cp.set_index('cryptodate').join(usdt_cp_join.set_index('cryptodate'), on='cryptodate')\n",
    "cryp_master_cp.rename(columns = {'Close':'usdt_cp'}, inplace = True)\n",
    "cryp_master_cp = cryp_master_cp.rename_axis('cryptodate').reset_index()\n",
    "\n",
    "#USDC column\n",
    "usdc_cp_join = USDC_crypto_data.drop(columns=['Open', 'High', 'Low', 'Volume', 'Dividends', 'Stock Splits', 'crypto_ticker'])\n",
    "cryp_master_cp = cryp_master_cp.set_index('cryptodate').join(usdc_cp_join.set_index('cryptodate'), on='cryptodate')\n",
    "cryp_master_cp.rename(columns = {'Close':'usdc_cp'}, inplace = True)\n",
    "cryp_master_cp = cryp_master_cp.rename_axis('cryptodate').reset_index()\n",
    "\n",
    "#BNB column\n",
    "bnb_cp_join = BNB_crypto_data.drop(columns=['Open', 'High', 'Low', 'Volume', 'Dividends', 'Stock Splits', 'crypto_ticker'])\n",
    "cryp_master_cp = cryp_master_cp.set_index('cryptodate').join(bnb_cp_join.set_index('cryptodate'), on='cryptodate')\n",
    "cryp_master_cp.rename(columns = {'Close':'bnb_cp'}, inplace = True)\n",
    "cryp_master_cp = cryp_master_cp.rename_axis('cryptodate').reset_index()\n",
    "\n",
    "#BUSD column\n",
    "busd_cp_join = BUSD_crypto_data.drop(columns=['Open', 'High', 'Low', 'Volume', 'Dividends', 'Stock Splits', 'crypto_ticker'])\n",
    "cryp_master_cp = cryp_master_cp.set_index('cryptodate').join(busd_cp_join.set_index('cryptodate'), on='cryptodate')\n",
    "cryp_master_cp.rename(columns = {'Close':'busd_cp'}, inplace = True)\n",
    "cryp_master_cp = cryp_master_cp.rename_axis('cryptodate').reset_index()\n",
    "\n",
    "#XRP column\n",
    "xrp_cp_join = XRP_crypto_data.drop(columns=['Open', 'High', 'Low', 'Volume', 'Dividends', 'Stock Splits', 'crypto_ticker'])\n",
    "cryp_master_cp = cryp_master_cp.set_index('cryptodate').join(xrp_cp_join.set_index('cryptodate'), on='cryptodate')\n",
    "cryp_master_cp.rename(columns = {'Close':'xrp_cp'}, inplace = True)\n",
    "cryp_master_cp = cryp_master_cp.rename_axis('cryptodate').reset_index()\n",
    "\n",
    "#ADA column\n",
    "ada_cp_join = ADA_crypto_data.drop(columns=['Open', 'High', 'Low', 'Volume', 'Dividends', 'Stock Splits', 'crypto_ticker'])\n",
    "cryp_master_cp = cryp_master_cp.set_index('cryptodate').join(ada_cp_join.set_index('cryptodate'), on='cryptodate')\n",
    "cryp_master_cp.rename(columns = {'Close':'ada_cp'}, inplace = True)\n",
    "cryp_master_cp = cryp_master_cp.rename_axis('cryptodate').reset_index()\n",
    "\n",
    "#SOL column\n",
    "sol_cp_join = SOL_crypto_data.drop(columns=['Open', 'High', 'Low', 'Volume', 'Dividends', 'Stock Splits', 'crypto_ticker'])\n",
    "cryp_master_cp = cryp_master_cp.set_index('cryptodate').join(sol_cp_join.set_index('cryptodate'), on='cryptodate')\n",
    "cryp_master_cp.rename(columns = {'Close':'sol_cp'}, inplace = True)\n",
    "cryp_master_cp = cryp_master_cp.rename_axis('cryptodate').reset_index()\n",
    "\n",
    "#DOGE column\n",
    "doge_cp_join = DOGE_crypto_data.drop(columns=['Open', 'High', 'Low', 'Volume', 'Dividends', 'Stock Splits', 'crypto_ticker'])\n",
    "cryp_master_cp = cryp_master_cp.set_index('cryptodate').join(doge_cp_join.set_index('cryptodate'), on='cryptodate')\n",
    "cryp_master_cp.rename(columns = {'Close':'doge_cp'}, inplace = True)\n",
    "cryp_master_cp = cryp_master_cp.rename_axis('cryptodate').reset_index()\n",
    "\n",
    "cryp_master_cp = cryp_master_cp.drop(columns=['cryptodate'])\n",
    "cryp_master_cp\n"
   ]
  },
  {
   "cell_type": "code",
   "execution_count": 8,
   "id": "0710cd91",
   "metadata": {
    "pycharm": {
     "name": "#%%\n"
    }
   },
   "outputs": [
    {
     "data": {
      "text/plain": "            eth_cp        btc_cp   usdt_cp   usdc_cp      bnb_cp   busd_cp    xrp_cp    ada_cp     sol_cp   doge_cp\n0       140.819412   3843.520020  1.018335  1.013301    6.075273       NaN  0.364771  0.042547        NaN  0.002392\n1       155.047684   3943.409424  1.024012  1.018173    6.188613       NaN  0.375243  0.045258        NaN  0.002407\n2       149.135010   3836.741211  1.019473  1.013577    5.903535       NaN  0.360224  0.042682        NaN  0.002360\n3       154.581940   3857.717529  1.017200  1.008160    6.065138       NaN  0.356747  0.043812        NaN  0.002315\n4       155.638596   3845.194580  1.018489  1.011010    6.065543       NaN  0.355275  0.044701        NaN  0.002319\n...            ...           ...       ...       ...         ...       ...       ...       ...        ...       ...\n12028  1243.446899  21502.337891  0.999548  1.000104  239.690659  1.000150  0.367556  0.498946  42.332813  0.068503\n12029  1199.831665  21027.294922  0.999398  0.999813  233.858749  1.000705  0.358864  0.489653  39.408089  0.073177\n12030  1193.680664  20735.478516  0.999092  1.000166  233.654022  0.999397  0.353235  0.485790  38.451252  0.072239\n12031  1144.579224  20280.634766  0.998832  1.000140  226.927338  0.999807  0.337329  0.469671  35.326439  0.065957\n12032  1098.943848  20104.023438  0.998884  1.000365  219.284470  1.000421  0.328978  0.465509  33.873901  0.069468\n\n[12033 rows x 10 columns]",
      "text/html": "<div>\n<style scoped>\n    .dataframe tbody tr th:only-of-type {\n        vertical-align: middle;\n    }\n\n    .dataframe tbody tr th {\n        vertical-align: top;\n    }\n\n    .dataframe thead th {\n        text-align: right;\n    }\n</style>\n<table border=\"1\" class=\"dataframe\">\n  <thead>\n    <tr style=\"text-align: right;\">\n      <th></th>\n      <th>eth_cp</th>\n      <th>btc_cp</th>\n      <th>usdt_cp</th>\n      <th>usdc_cp</th>\n      <th>bnb_cp</th>\n      <th>busd_cp</th>\n      <th>xrp_cp</th>\n      <th>ada_cp</th>\n      <th>sol_cp</th>\n      <th>doge_cp</th>\n    </tr>\n  </thead>\n  <tbody>\n    <tr>\n      <th>0</th>\n      <td>140.819412</td>\n      <td>3843.520020</td>\n      <td>1.018335</td>\n      <td>1.013301</td>\n      <td>6.075273</td>\n      <td>NaN</td>\n      <td>0.364771</td>\n      <td>0.042547</td>\n      <td>NaN</td>\n      <td>0.002392</td>\n    </tr>\n    <tr>\n      <th>1</th>\n      <td>155.047684</td>\n      <td>3943.409424</td>\n      <td>1.024012</td>\n      <td>1.018173</td>\n      <td>6.188613</td>\n      <td>NaN</td>\n      <td>0.375243</td>\n      <td>0.045258</td>\n      <td>NaN</td>\n      <td>0.002407</td>\n    </tr>\n    <tr>\n      <th>2</th>\n      <td>149.135010</td>\n      <td>3836.741211</td>\n      <td>1.019473</td>\n      <td>1.013577</td>\n      <td>5.903535</td>\n      <td>NaN</td>\n      <td>0.360224</td>\n      <td>0.042682</td>\n      <td>NaN</td>\n      <td>0.002360</td>\n    </tr>\n    <tr>\n      <th>3</th>\n      <td>154.581940</td>\n      <td>3857.717529</td>\n      <td>1.017200</td>\n      <td>1.008160</td>\n      <td>6.065138</td>\n      <td>NaN</td>\n      <td>0.356747</td>\n      <td>0.043812</td>\n      <td>NaN</td>\n      <td>0.002315</td>\n    </tr>\n    <tr>\n      <th>4</th>\n      <td>155.638596</td>\n      <td>3845.194580</td>\n      <td>1.018489</td>\n      <td>1.011010</td>\n      <td>6.065543</td>\n      <td>NaN</td>\n      <td>0.355275</td>\n      <td>0.044701</td>\n      <td>NaN</td>\n      <td>0.002319</td>\n    </tr>\n    <tr>\n      <th>...</th>\n      <td>...</td>\n      <td>...</td>\n      <td>...</td>\n      <td>...</td>\n      <td>...</td>\n      <td>...</td>\n      <td>...</td>\n      <td>...</td>\n      <td>...</td>\n      <td>...</td>\n    </tr>\n    <tr>\n      <th>12028</th>\n      <td>1243.446899</td>\n      <td>21502.337891</td>\n      <td>0.999548</td>\n      <td>1.000104</td>\n      <td>239.690659</td>\n      <td>1.000150</td>\n      <td>0.367556</td>\n      <td>0.498946</td>\n      <td>42.332813</td>\n      <td>0.068503</td>\n    </tr>\n    <tr>\n      <th>12029</th>\n      <td>1199.831665</td>\n      <td>21027.294922</td>\n      <td>0.999398</td>\n      <td>0.999813</td>\n      <td>233.858749</td>\n      <td>1.000705</td>\n      <td>0.358864</td>\n      <td>0.489653</td>\n      <td>39.408089</td>\n      <td>0.073177</td>\n    </tr>\n    <tr>\n      <th>12030</th>\n      <td>1193.680664</td>\n      <td>20735.478516</td>\n      <td>0.999092</td>\n      <td>1.000166</td>\n      <td>233.654022</td>\n      <td>0.999397</td>\n      <td>0.353235</td>\n      <td>0.485790</td>\n      <td>38.451252</td>\n      <td>0.072239</td>\n    </tr>\n    <tr>\n      <th>12031</th>\n      <td>1144.579224</td>\n      <td>20280.634766</td>\n      <td>0.998832</td>\n      <td>1.000140</td>\n      <td>226.927338</td>\n      <td>0.999807</td>\n      <td>0.337329</td>\n      <td>0.469671</td>\n      <td>35.326439</td>\n      <td>0.065957</td>\n    </tr>\n    <tr>\n      <th>12032</th>\n      <td>1098.943848</td>\n      <td>20104.023438</td>\n      <td>0.998884</td>\n      <td>1.000365</td>\n      <td>219.284470</td>\n      <td>1.000421</td>\n      <td>0.328978</td>\n      <td>0.465509</td>\n      <td>33.873901</td>\n      <td>0.069468</td>\n    </tr>\n  </tbody>\n</table>\n<p>12033 rows × 10 columns</p>\n</div>"
     },
     "execution_count": 8,
     "metadata": {},
     "output_type": "execute_result"
    }
   ],
   "source": [
    "# Using .merge() function to prepare a table of closing prices to conduct correlation analysis\n",
    "\n",
    "\n",
    "# [a.] Create a master dataframe containing only 'cryptodate' which will be used for merging with the other dataframes \n",
    "allcrypto_cp = df.drop(columns=['Open', 'High', 'Low', 'Volume', 'Close', 'Dividends', 'Stock Splits', 'crypto_ticker'])\n",
    "\n",
    "\n",
    "# [b.] Merge each coin's dataframe with the master dataframe containing only 'cryptodate'\n",
    "# [c.] Drop all columns remaining the 'Close' \n",
    "# [d.] Rename column to reflect the name of the coin's whose closing price it contains\n",
    "# [e.] Rince and repeat steps [b.] to [e.]\n",
    "\n",
    "\n",
    "#ETH column\n",
    "allcrypto_cp = allcrypto_cp.merge(ETH_crypto_data, how='left', on='cryptodate')\n",
    "allcrypto_cp = allcrypto_cp.drop(columns=['Open', 'High', 'Low', 'Volume', 'Dividends', 'Stock Splits', 'crypto_ticker'])\n",
    "allcrypto_cp.rename(columns = {'Close':'eth_cp'}, inplace = True)\n",
    "\n",
    "\n",
    "#BTC column\n",
    "allcrypto_cp = allcrypto_cp.merge(BTC_crypto_data, how='left', on='cryptodate')\n",
    "allcrypto_cp = allcrypto_cp.drop(columns=['Open', 'High', 'Low', 'Volume', 'Dividends', 'Stock Splits', 'crypto_ticker'])\n",
    "allcrypto_cp.rename(columns = {'Close':'btc_cp'}, inplace = True)\n",
    "\n",
    "#USDT column\n",
    "allcrypto_cp = allcrypto_cp.merge(USDT_crypto_data, how='left', on='cryptodate')\n",
    "allcrypto_cp = allcrypto_cp.drop(columns=['Open', 'High', 'Low', 'Volume', 'Dividends', 'Stock Splits', 'crypto_ticker'])\n",
    "allcrypto_cp.rename(columns = {'Close':'usdt_cp'}, inplace = True)\n",
    "\n",
    "#USDC column\n",
    "allcrypto_cp = allcrypto_cp.merge(USDC_crypto_data, how='left', on='cryptodate')\n",
    "allcrypto_cp = allcrypto_cp.drop(columns=['Open', 'High', 'Low', 'Volume', 'Dividends', 'Stock Splits', 'crypto_ticker'])\n",
    "allcrypto_cp.rename(columns = {'Close':'usdc_cp'}, inplace = True)\n",
    "\n",
    "#BNB column\n",
    "allcrypto_cp = allcrypto_cp.merge(BNB_crypto_data, how='left', on='cryptodate')\n",
    "allcrypto_cp = allcrypto_cp.drop(columns=['Open', 'High', 'Low', 'Volume', 'Dividends', 'Stock Splits', 'crypto_ticker'])\n",
    "allcrypto_cp.rename(columns = {'Close':'bnb_cp'}, inplace = True)\n",
    "\n",
    "#BUSD column\n",
    "allcrypto_cp = allcrypto_cp.merge(BUSD_crypto_data, how='left', on='cryptodate')\n",
    "allcrypto_cp = allcrypto_cp.drop(columns=['Open', 'High', 'Low', 'Volume', 'Dividends', 'Stock Splits', 'crypto_ticker'])\n",
    "allcrypto_cp.rename(columns = {'Close':'busd_cp'}, inplace = True)\n",
    "\n",
    "#XRP column\n",
    "allcrypto_cp = allcrypto_cp.merge(XRP_crypto_data, how='left', on='cryptodate')\n",
    "allcrypto_cp = allcrypto_cp.drop(columns=['Open', 'High', 'Low', 'Volume', 'Dividends', 'Stock Splits', 'crypto_ticker'])\n",
    "allcrypto_cp.rename(columns = {'Close':'xrp_cp'}, inplace = True)\n",
    "\n",
    "#ADA column\n",
    "allcrypto_cp = allcrypto_cp.merge(ADA_crypto_data, how='left', on='cryptodate')\n",
    "allcrypto_cp = allcrypto_cp.drop(columns=['Open', 'High', 'Low', 'Volume', 'Dividends', 'Stock Splits', 'crypto_ticker'])\n",
    "allcrypto_cp.rename(columns = {'Close':'ada_cp'}, inplace = True)\n",
    "\n",
    "#SOL column\n",
    "allcrypto_cp = allcrypto_cp.merge(SOL_crypto_data, how='left', on='cryptodate')\n",
    "allcrypto_cp = allcrypto_cp.drop(columns=['Open', 'High', 'Low', 'Volume', 'Dividends', 'Stock Splits', 'crypto_ticker'])\n",
    "allcrypto_cp.rename(columns = {'Close':'sol_cp'}, inplace = True)\n",
    "\n",
    "#DOGE column\n",
    "allcrypto_cp = allcrypto_cp.merge(DOGE_crypto_data, how='left', on='cryptodate')\n",
    "allcrypto_cp = allcrypto_cp.drop(columns=['Open', 'High', 'Low', 'Volume', 'Dividends', 'Stock Splits', 'crypto_ticker'])\n",
    "allcrypto_cp.rename(columns = {'Close':'doge_cp'}, inplace = True)\n",
    "\n",
    "\n",
    "allcrypto_cp = allcrypto_cp.drop(columns=['cryptodate'])\n",
    "allcrypto_cp"
   ]
  },
  {
   "cell_type": "code",
   "execution_count": 35,
   "id": "53e54428",
   "metadata": {
    "pycharm": {
     "name": "#%%\n"
    }
   },
   "outputs": [
    {
     "data": {
